24 20
30 32 35 36 40 41 42 39 38 37 36 35 34 33 32 30 29 28 27 26
31 33 36 37 42 43 44 40 38 37 36 35 34 32 31 30 28 27 26 25
29 31 34 35 39 40 41 38 37 35 34 33 32 30 29 28 27 26 25 24
28 30 33 34 38 39 40 41 42 83 85 34 33 31 29 27 26 24 22 20
27 29 31 33 40 42 81 82 83 84 86 41 38 36 35 33 32 30 28 25
26 28 30 32 34 36 38 40 42 89 90 87 84 78 76 74 70 68 65 64
25 27 29 31 35 37 39 41 43 45 47 48 50 52 55 58 59 60 61 62
24 26 28 30 32 34 36 38 40 42 44 46 48 49 51 53 55 56 58 59
23 25 27 29 31 33 35 37 39 41 81 82 80 79 78 76 74 72 70 68
22 24 26 28 30 32 34 36 38 40 41 42 43 44 45 46 48 50 52 54
21 23 25 27 29 31 33 35 37 39 44 46 48 49 50 51 52 53 54 55
20 22 24 26 28 30 32 34 36 38 40 41 43 44 45 48 50 52 55 57
19 21 23 25 27 29 31 33 80 82 81 79 78 76 74 72 70 68 66 64
18 20 22 24 26 28 30 32 34 36 38 40 41 42 43 44 45 47 48 49
17 19 21 23 25 27 29 31 33 35 37 39 42 44 46 48 49 50 52 54
16 18 20 22 24 26 28 30 32 34 36 38 40 41 43 45 47 49 51 53
15 17 19 21 23 25 27 29 31 33 35 37 39 41 43 44 46 48 50 51
14 16 18 20 22 24 26 28 30 32 34 36 38 40 41 42 44 46 48 49
13 15 17 19 21 23 25 27 29 31 33 35 37 39 41 43 45 47 49 51
12 14 16 18 20 22 24 26 28 30 32 34 36 38 40 42 44 46 48 50
11 13 15 17 19 21 23 25 27 29 31 33 35 37 39 41 43 45 47 49
10 12 14 16 18 20 22 24 26 28 30 32 34 36 38 40 42 44 46 48
9 11 13 15 17 19 21 23 25 27 29 31 33 35 37 39 41 43 45 47
8 10 12 14 16 18 20 22 24 26 28 30 32 34 36 38 40 42 44 46
